0 0.2687747354391812
1 0.6424524798079685
2 0.9499358757116769
3 1.1527338682288004
4 1.2888615753481993
5 1.4070063467334328
6 1.5496311057005494
7 1.7537138063877478
8 2.0429312520583616
9 2.347186325180839
10 2.2041839359908653
11 1.184031020419232
12 0.49503282696827366
13 0.24758079960056142
14 0.15409847365757393
15 0.11824659232148414
16 0.10776692618577886
17 0.11138209645531626
18 0.1270122730592892
19 0.16137924260124675
20 0.25023092333030666
21 0.8199513120882584
22 4.4434986537731386e-07
23 -1.0428083302391296e-06
24 0.018500923428966292
25 0.027331886334143036
26 0.03284610742225479
27 0.03663774264551916
28 0.039346942515594514
29 0.04130370202325265
30 0.04271023579123116
31 0.043699334046957694
32 0.04436044237846764
33 0.044755983354519545
34 0.044932057167860195
35 0.044925204403703727
36 0.04476661280039879
37 0.044484057396693706
38 0.044102945686956524
39 0.04364650744475351
40 0.04313574344052004
41 0.04258927268443717
42 0.04202317355593115
43 0.04145094882632403
44 0.04088363745332825
45 0.040329945363392856
46 0.03979647175644985
47 0.039287972982650556
48 0.03880762922356691
49 0.03835731823825974